totaltime: 10.241385
commnunacationTime: 4.347091
