totaltime: 230.581442
commnunacationTime: 0.551629
