totaltime: 7.744087
commnunacationTime: 4.062125
