totaltime: 12.337687
commnunacationTime: 0.000015
