totaltime: 3191.325651
commnunacationTime: 3186.711765
