totaltime: 51.691445
commnunacationTime: 36.021008
