totaltime: 55.620618
commnunacationTime: 42.129530
