totaltime: 62.580411
commnunacationTime: 40.563167
