totaltime: 32.086004
commnunacationTime: 22.742155
