totaltime: 41.067407
commnunacationTime: 30.341175
