totaltime: 8.772786
commnunacationTime: 4.075481
