totaltime: 60.167434
commnunacationTime: 47.727921
