totaltime: 25.176739
commnunacationTime: 18.264484
