totaltime: 32.696080
commnunacationTime: 24.245124
