totaltime: 125.583968
commnunacationTime: 103.254424
