totaltime: 1385.848493
commnunacationTime: 1377.579751
