totaltime: 1313.072035
commnunacationTime: 1306.257810
